Время    эдс
мс       мв
    
0.042724609  0.421245227
0.044250488  0.391467048
0.045776367  0.36135552
0.047302246  0.330964635
0.048828125  0.300354624
0.050354004  0.269674934
0.051879883  0.239299889
0.053405762  0.2098686
0.054931641  0.182161646
0.05645752  0.15688533
0.057983398  0.134490692
0.059509277  0.115113555
0.061035156  0.098638488
0.062561035  0.084809993
0.064086914  0.073312313
0.065612793  0.063804508
0.067138672  0.055942881
0.068664551  0.049409792
0.07019043  0.043938751
0.071716309  0.039320442
0.073242188  0.035392359
0.074768066  0.032026529
0.076293945  0.029123552
0.077819824  0.026609443
0.079345703  0.024429482
0.080871582  0.022539509
0.082397461  0.020899381
0.08392334  0.019471253
0.085449219  0.018220746
0.086975098  0.017117912
0.088500977  0.016137064
0.090026855  0.015256559
0.091552734  0.014459319
0.093078613  0.013733233
0.094604492  0.013070366
0.096130371  0.012465133
0.09765625  0.011912651
0.099182129  0.011407975
0.100708008  0.010946225
0.102233887  0.010522883
0.103759766  0.010133795
0.105285645  0.009775335
0.106811523  0.009444239
0.108337402  0.009137713
0.109863281  0.008853454
0.11138916  0.008589551
0.112915039  0.00834432
0.114440918  0.008116186
0.115966797  0.00790368
0.117492676  0.007705437
0.119018555  0.007520198
0.120544434  0.00734679
0.122070313  0.007184126
0.123596191  0.007031229
0.12512207  0.006887252
0.126647949  0.00675147
0.128173828  0.00662326
0.129699707  0.006502074
0.131225586  0.006387432
0.132751465  0.006278939
0.134277344  0.006176272
0.135803223  0.006079129
0.137329102  0.00598719
0.13885498  0.005900077
0.140380859  0.005817372
0.141906738  0.005738653
0.143432617  0.005663537
0.144958496  0.005591677
0.146484375  0.005522808
0.148010254  0.005456716
0.149536133  0.005393238
0.151062012  0.005332255
0.152587891  0.005273674
0.15411377  0.00521741
0.155639648  0.005163372
0.157165527  0.005111455
0.158691406  0.005061541
0.160217285  0.005013501
0.161743164  0.004967203
0.163269043  0.004922527
0.164794922  0.004879368
0.166320801  0.004837635
0.16784668  0.00479725
0.169372559  0.004758147
0.170898438  0.00472027
0.172424316  0.00468357
0.173950195  0.004648014
0.175476074  0.004613587
0.177001953  0.004580275
0.178527832  0.004548048
0.180053711  0.004516853
0.18157959  0.004486606
0.183105469  0.004457213
0.184631348  0.004428578
0.186157227  0.004400618
0.187683105  0.00437328
0.189208984  0.004346528
0.190734863  0.004320343
0.192260742  0.004294721
0.193786621  0.004269662
0.1953125  0.004245168
0.196838379  0.004221234
0.198364258  0.004197846
0.199890137  0.004174979
0.201416016  0.004152606
0.202941895  0.004130702
0.204467773  0.004109238
0.205993652  0.004088185
0.207519531  0.004067518
0.20904541  0.004047219
0.210571289  0.004027281
0.212097168  0.004007699
0.213623047  0.00398847
0.215148926  0.003969597
0.216674805  0.003951089
0.218200684  0.003932965
0.219726563  0.003915232
0.221252441  0.003897872
0.22277832  0.003880845
0.224304199  0.003864096
0.225830078  0.003847571
0.227355957  0.003831222
0.228881836  0.003815025
0.230407715  0.00379897
0.231933594  0.003783064
0.233459473  0.003767326
0.234985352  0.003751779
0.23651123  0.003736444
0.238037109  0.00372133
0.239562988  0.003706438
0.241088867  0.00369176
0.242614746  0.003677281
0.244140625  0.003662982
0.245666504  0.003648846
0.247192383  0.003634855
0.248718262  0.003621003
0.250244141  0.00360729
0.25177002  0.003593713
0.253295898  0.003580273
0.254821777  0.003566972
0.256347656  0.003553819
0.257873535  0.003540823
0.259399414  0.003527987
0.260925293  0.003515315
0.262451172  0.003502803
0.263977051  0.003490439
0.26550293  0.003478205
0.267028809  0.00346608
0.268554688  0.003454048
0.270080566  0.003442097
0.271606445  0.003430219
0.273132324  0.003418414
0.274658203  0.003406686
0.276184082  0.003395042
0.277709961  0.00338349
0.27923584  0.003372035
0.280761719  0.003360681
0.282287598  0.003349431
0.283813477  0.003338283
0.285339355  0.003327226
0.286865234  0.003316257
0.288391113  0.003305372
0.289916992  0.003294569
0.291442871  0.003283843
0.29296875  0.003273194
0.294494629  0.003262621
0.296020508  0.003252124
0.297546387  0.003241704
0.299072266  0.003231365
0.300598145  0.003221115
0.302124023  0.003210957
0.303649902  0.003200892
0.305175781  0.003190912
0.30670166  0.003181006
0.308227539  0.003171159
0.309753418  0.003161357
0.311279297  0.003151596
0.312805176  0.00314188
0.314331055  0.003132217
0.315856934  0.003122612
0.317382813  0.003113069
0.318908691  0.003103589
0.32043457  0.003094177
0.321960449  0.003084835
0.323486328  0.003075563
0.325012207  0.003066357
0.326538086  0.003057214
0.328063965  0.003048128
0.329589844  0.003039093
0.331115723  0.003030105
0.332641602  0.003021163
0.33416748  0.00301227
0.335693359  0.003003425
0.337219238  0.002994628
0.338745117  0.002985876
0.340270996  0.002977175
0.341796875  0.002968526
0.343322754  0.002959932
0.344848633  0.002951393
0.346374512  0.002942909
0.347900391  0.002934476
0.34942627  0.00292609
0.350952148  0.002917743
0.352478027  0.002909432
0.354003906  0.002901153
0.355529785  0.002892904
0.357055664  0.002884687
0.358581543  0.002876507
0.360107422  0.002868371
0.361633301  0.002860283
0.36315918  0.002852243
0.364685059  0.002844247
0.366210938  0.002836294
0.367736816  0.002828377
0.369262695  0.002820494
0.370788574  0.002812644
0.372314453  0.002804827
0.373840332  0.002797046
0.375366211  0.002789304
0.37689209  0.002781606
0.378417969  0.002773956
0.379943848  0.002766349
0.381469727  0.002758783
0.382995605  0.002751256
0.384521484  0.002743771
0.386047363  0.002736328
0.387573242  0.002728926
0.389099121  0.002721561
0.390625  0.002714229
0.392150879  0.002706925
0.393676758  0.002699646
0.395202637  0.002692393
0.396728516  0.002685167
0.398254395  0.002677975
0.399780273  0.00267082
0.401306152  0.0026637
0.402832031  0.00265661
0.40435791  0.002649546
0.405883789  0.002642508
0.407409668  0.002635496
0.408935547  0.002628516
0.410461426  0.002621573
0.411987305  0.00261467
0.413513184  0.002607806
0.415039063  0.002600977
0.416564941  0.002594174
0.41809082  0.002587393
0.419616699  0.002580636
0.421142578  0.002573908
0.422668457  0.002567214
0.424194336  0.002560558
0.425720215  0.002553939
0.427246094  0.002547351
0.428771973  0.002540793
0.430297852  0.002534258
0.43182373  0.002527745
0.433349609  0.002521254
0.434875488  0.002514791
0.436401367  0.002508354
0.437927246  0.002501948
0.439453125  0.002495571
0.440979004  0.002489222
0.442504883  0.002482901
0.444030762  0.002476606
0.445556641  0.002470341
0.44708252  0.002464104
0.448608398  0.002457891
0.450134277  0.002451699
0.451660156  0.002445525
0.453186035  0.00243937
0.454711914  0.002433236
0.456237793  0.002427129
0.457763672  0.002421051
0.459289551  0.002415002
0.46081543  0.002408979
0.462341309  0.002402981
0.463867188  0.00239701
0.465393066  0.002391066
0.466918945  0.002385151
0.468444824  0.002379266
0.469970703  0.002373409
0.471496582  0.002367579
0.473022461  0.002361772
0.47454834  0.002355985
0.476074219  0.002350215
0.477600098  0.002344461
0.479125977  0.002338719
0.480651855  0.002332991
0.482177734  0.002327277
0.483703613  0.002321581
0.485229492  0.002315908
0.486755371  0.002310259
0.48828125  0.002304637
0.489807129  0.002299042
0.491333008  0.002293475
0.492858887  0.002287935
0.494384766  0.002282417
0.495910645  0.002276918
0.497436523  0.002271438
0.498962402  0.002265977
0.500488281  0.002260537
0.50201416  0.002255121
0.503540039  0.002249729
0.505065918  0.002244356
0.506591797  0.002239
0.508117676  0.002233659
0.509643555  0.002228332
0.511169434  0.00222302
0.512695313  0.002217728
0.514221191  0.002212458
0.51574707  0.00220721
0.517272949  0.002201984
0.518798828  0.002196778
0.520324707  0.002191593
0.521850586  0.002186429
0.523376465  0.002181283
0.524902344  0.002176157
0.526428223  0.002171047
0.527954102  0.00216595
0.52947998  0.002160864
0.531005859  0.00215579
0.532531738  0.002150731
0.534057617  0.002145693
0.535583496  0.002140678
0.537109375  0.002135686
0.538635254  0.002130714
0.540161133  0.002125753
0.541687012  0.002120797
0.543212891  0.002115848
0.54473877  0.00211091
0.546264648  0.002105989
0.547790527  0.002101088
0.549316406  0.002096212
0.550842285  0.002091358
0.552368164  0.002086527
0.553894043  0.002081717
0.555419922  0.002076929
0.556945801  0.002072159
0.55847168  0.002067404
0.559997559  0.002062662
0.561523438  0.002057931
0.563049316  0.002053208
0.564575195  0.002048494
0.566101074  0.002043793
0.567626953  0.002039111
0.569152832  0.002034452
0.570678711  0.002029817
0.57220459  0.002025206
0.573730469  0.002020613
0.575256348  0.002016031
0.576782227  0.002011452
0.578308105  0.002006879
0.579833984  0.002002318
0.581359863  0.001997778
0.582885742  0.001993261
0.584411621  0.001988764
0.5859375  0.001984284
0.587463379  0.001979822
0.588989258  0.001975383
0.590515137  0.001970974
0.592041016  0.001966601
0.593566895  0.001962256
0.595092773  0.001957924
0.596618652  0.00195359
0.598144531  0.001949248
0.59967041  0.001944895
0.601196289  0.001940529
0.602722168  0.001936158
0.604248047  0.001931797
0.605773926  0.001927455
0.607299805  0.001923138
0.608825684  0.001918846
0.610351563  0.001914577
0.611877441  0.001910329
0.61340332  0.001906104
0.614929199  0.001901903
0.616455078  0.001897726
0.617980957  0.00189357
0.619506836  0.001889428
0.621032715  0.001885292
0.622558594  0.001881159
0.624084473  0.001877033
0.625610352  0.001872917
0.62713623  0.001868815
0.628662109  0.001864723
0.630187988  0.001860634
0.631713867  0.001856539
0.633239746  0.001852432
0.634765625  0.001848315
0.636291504  0.001844202
0.637817383  0.001840104
0.639343262  0.001836036
0.640869141  0.001832007
0.64239502  0.001828025
0.643920898  0.001824085
0.645446777  0.001820174
0.646972656  0.001816276
0.648498535  0.001812384
0.650024414  0.001808492
0.651550293  0.001804599
0.653076172  0.001800706
0.654602051  0.001796812
0.65612793  0.001792917
0.657653809  0.001789023
0.659179688  0.001785138
0.660705566  0.001781267
0.662231445  0.001777413
0.663757324  0.001773575
0.665283203  0.001769755
0.666809082  0.001765952
0.668334961  0.001762158
0.66986084  0.00175837
0.671386719  0.001754588
0.672912598  0.001750817
0.674438477  0.001747063
0.675964355  0.001743331
0.677490234  0.001739621
0.679016113  0.001735929
0.680541992  0.001732248
0.682067871  0.001728574
0.68359375  0.001724904
0.685119629  0.001721237
0.686645508  0.001717571
0.688171387  0.001713909
0.689697266  0.001710256
0.691223145  0.001706617
0.692749023  0.001702993
0.694274902  0.001699381
0.695800781  0.001695781
0.69732666  0.001692191
0.698852539  0.001688607
0.700378418  0.001685029
0.701904297  0.001681457
0.703430176  0.001677896
0.704956055  0.001674349
0.706481934  0.001670815
0.708007813  0.001667294
0.709533691  0.001663792
0.71105957  0.001660308
0.712585449  0.001656841
0.714111328  0.001653386
0.715637207  0.001649939
0.717163086  0.001646498
0.718688965  0.001643063
0.720214844  0.001639637
0.721740723  0.001636217
0.723266602  0.0016328
0.72479248  0.001629385
0.726318359  0.001625974
0.727844238  0.001622572
0.729370117  0.001619181
0.730895996  0.0016158
0.732421875  0.001612428
0.733947754  0.001609065
0.735473633  0.001605711
0.736999512  0.001602364
0.738525391  0.001599025
0.74005127  0.001595699
0.741577148  0.001592389
0.743103027  0.001589094
0.744628906  0.001585812
0.746154785  0.001582541
0.747680664  0.001579278
0.749206543  0.00157602
0.750732422  0.001572766
0.752258301  0.001569519
0.75378418  0.001566281
0.755310059  0.001563055
0.756835938  0.00155984
0.758361816  0.001556633
0.759887695  0.001553429
0.761413574  0.001550227
0.762939453  0.001547029
0.764465332  0.001543839
0.765991211  0.001540659
0.76751709  0.001537487
0.769042969  0.001534322
0.770568848  0.001531169
0.772094727  0.001528027
0.773620605  0.001524893
0.775146484  0.001521767
0.776672363  0.00151865
0.778198242  0.001515547
0.779724121  0.001512458
0.78125  0.001509378
0.782775879  0.001506299
0.784301758  0.00150322
0.785827637  0.001500141
0.787353516  0.001497061
0.788879395  0.001493984
0.790405273  0.001490916
0.791931152  0.001487861
0.793457031  0.001484819
0.79498291  0.001481788
0.796508789  0.001478762
0.798034668  0.00147574
0.799560547  0.001472727
0.801086426  0.001469726
0.802612305  0.001466735
0.804138184  0.001463751
0.805664063  0.001460773
0.807189941  0.001457803
0.80871582  0.001454848
0.810241699  0.001451908
0.811767578  0.001448984
0.813293457  0.001446073
0.814819336  0.001443174
0.816345215  0.001440286
0.817871094  0.001437406
0.819396973  0.001434529
0.820922852  0.001431657
0.82244873  0.00142879
0.823974609  0.00142593
0.825500488  0.001423077
0.827026367  0.001420231
0.828552246  0.001417391
0.830078125  0.001414551
0.831604004  0.00141171
0.833129883  0.001408868
0.834655762  0.001406028
0.836181641  0.001403197
0.83770752  0.00140038
0.839233398  0.001397581
0.840759277  0.001394797
0.842285156  0.001392024
0.843811035  0.00138926
0.845336914  0.001386503
0.846862793  0.001383754
0.848388672  0.001381007
0.849914551  0.001378254
0.85144043  0.001375495
0.852966309  0.001372731
0.854492188  0.001369968
0.856018066  0.001367208
0.857543945  0.001364451
0.859069824  0.001361702
0.860595703  0.001358963
0.862121582  0.001356233
0.863647461  0.001353513
0.86517334  0.001350802
0.866699219  0.001348098
0.868225098  0.001345405
0.869750977  0.001342723
0.871276855  0.001340059
0.872802734  0.001337412
0.874328613  0.001334781
0.875854492  0.001332161
0.877380371  0.001329548
0.87890625  0.001326935
0.880432129  0.001324321
0.881958008  0.001321705
0.883483887  0.001319091
0.885009766  0.00131648
0.886535645  0.001313872
0.888061523  0.001311268
0.889587402  0.001308675
0.891113281  0.001306097
0.89263916  0.00130353
0.894165039  0.001300971
0.895690918  0.001298416
0.897216797  0.001295866
0.898742676  0.001293322
0.900268555  0.00129078
0.901794434  0.001288245
0.903320313  0.001285717
0.904846191  0.001283197
0.90637207  0.001280687
0.907897949  0.00127818
0.909423828  0.001275676
0.910949707  0.001273174
0.912475586  0.001270674
0.914001465  0.001268173
0.915527344  0.001265672
0.917053223  0.001263174
0.918579102  0.001260683
0.92010498  0.001258201
0.921630859  0.001255727
0.923156738  0.00125326
0.924682617  0.001250801
0.926208496  0.001248352
0.927734375  0.001245912
0.929260254  0.001243477
0.930786133  0.001241042
0.932312012  0.001238609
0.933837891  0.001236182
0.93536377  0.001233763
0.936889648  0.001231354
0.938415527  0.001228953
0.939941406  0.001226558
0.941467285  0.001224172
0.942993164  0.001221794
0.944519043  0.001219423
0.946044922  0.001217059
0.947570801  0.001214699
0.94909668  0.001212347
0.950622559  0.001209999
0.952148438  0.001207657
0.953674316  0.001205321
0.955200195  0.001202993
0.956726074  0.001200667
0.958251953  0.001198338
0.959777832  0.001196003
0.961303711  0.001193666
0.96282959  0.001191336
0.964355469  0.001189012
0.965881348  0.001186693
0.967407227  0.001184374
0.968933105  0.001182058
0.970458984  0.001179751
0.971984863  0.001177457
0.973510742  0.001175177
0.975036621  0.001172904
0.9765625  0.001170636
0.978088379  0.001168374
0.979614258  0.001166119
0.981140137  0.001163876
0.982666016  0.001161641
0.984191895  0.001159408
0.985717773  0.001157169
0.987243652  0.001154926
0.988769531  0.001152682
0.99029541  0.001150447
0.991821289  0.001148221
0.993347168  0.001146006
0.994873047  0.001143799
0.996398926  0.001141599
0.997924805  0.001139409
0.999450684  0.001137228
1.000976563  0.001135055
1.002502441  0.001132884
1.00402832  0.001130716
1.005554199  0.001128549
1.007080078  0.001126389
1.008605957  0.00112424
1.010131836  0.001122102
1.011657715  0.001119971
1.013183594  0.001117842
1.014709473  0.001115712
1.016235352  0.001113581
1.01776123  0.001111454
1.019287109  0.001109335
1.020812988  0.00110722
1.022338867  0.001105108
1.023864746  0.001102992
1.025390625  0.001100877
1.026916504  0.001098766
1.028442383  0.001096666
1.029968262  0.001094574
1.031494141  0.001092484
1.03302002  0.001090394
1.034545898  0.0010883
1.036071777  0.001086206
1.037597656  0.001084116
1.039123535  0.001082035
1.040649414  0.001079966
1.042175293  0.001077911
1.043701172  0.001075868
1.045227051  0.001073832
1.04675293  0.001071803
1.048278809  0.001069779
1.049804688  0.001067758
1.051330566  0.001065736
1.052856445  0.001063715
1.054382324  0.0010617
1.055908203  0.001059693
1.057434082  0.001057691
1.058959961  0.00105569
1.06048584  0.001053686
1.062011719  0.00105168
1.063537598  0.001049677
1.065063477  0.001047682
1.066589355  0.001045695
1.068115234  0.001043716
1.069641113  0.001041741
1.071166992  0.001039769
1.072692871  0.001037804
1.07421875  0.001035849
1.075744629  0.001033905
1.077270508  0.001031965
1.078796387  0.001030024
1.080322266  0.001028076
1.081848145  0.001026123
1.083374023  0.001024171
1.084899902  0.001022227
1.086425781  0.001020295
1.08795166  0.001018373
1.089477539  0.001016458
1.091003418  0.001014547
1.092529297  0.001012635
1.094055176  0.00101072
1.095581055  0.001008801
1.097106934  0.001006883
1.098632813  0.00100497
1.100158691  0.001003067
1.10168457  0.001001173
1.103210449  0.000999284
1.104736328  0.000997397
1.106262207  0.000995509
1.107788086  0.000993623
1.109313965  0.000991742
1.110839844  0.000989866
1.112365723  0.000987997
1.113891602  0.000986133
1.11541748  0.000984272
1.116943359  0.000982415
1.118469238  0.000980563
1.119995117  0.000978717
1.121520996  0.000976881
1.123046875  0.000975054
1.124572754  0.000973234
1.126098633  0.000971416
1.127624512  0.0009696
1.129150391  0.000967788
1.13067627  0.00096598
1.132202148  0.000964176
1.133728027  0.000962374
1.135253906  0.000960576
1.136779785  0.000958783
1.138305664  0.000956993
1.139831543  0.000955208
1.141357422  0.000953428
1.142883301  0.000951652
1.14440918  0.000949878
1.145935059  0.00094811
1.147460938  0.000946351
1.148986816  0.0009446
1.150512695  0.000942849
1.152038574  0.000941095
1.153564453  0.000939339
1.155090332  0.000937581
1.156616211  0.000935825
1.15814209  0.000934073
1.159667969  0.000932326
1.161193848  0.000930585
1.162719727  0.00092885
1.164245605  0.000927121
1.165771484  0.0009254
1.167297363  0.000923689
1.168823242  0.000921981
1.170349121  0.000920274
1.171875  0.000918568
1.173400879  0.000916869
1.174926758  0.00091518
1.176452637  0.000913502
1.177978516  0.000911832
1.179504395  0.000910163
1.181030273  0.00090849
1.182556152  0.00090681
1.184082031  0.000905127
1.18560791  0.000903445
1.187133789  0.000901767
1.188659668  0.000900093
1.190185547  0.000898422
1.191711426  0.000896756
1.193237305  0.000895097
1.194763184  0.00089344
1.196289063  0.000891786
1.197814941  0.000890131
1.19934082  0.000888474
1.200866699  0.000886814
1.202392578  0.000885152
1.203918457  0.000883486
1.205444336  0.00088182
1.206970215  0.000880157
1.208496094  0.000878505
1.210021973  0.000876869
1.211547852  0.000875245
1.21307373  0.000873631
1.214599609  0.000872019
1.216125488  0.000870405
1.217651367  0.00086879
1.219177246  0.000867178
1.220703125  0.000865571
1.222229004  0.000863972
1.223754883  0.000862378
1.225280762  0.00086079
1.226806641  0.000859205
1.22833252  0.00085762
1.229858398  0.000856037
1.231384277  0.000854457
1.232910156  0.000852883
1.234436035  0.000851315
1.235961914  0.000849752
1.237487793  0.000848192
1.239013672  0.000846637
1.240539551  0.000845088
1.24206543  0.000843548
1.243591309  0.000842015
1.245117188  0.00084049
1.246643066  0.000838971
1.248168945  0.000837451
1.249694824  0.000835923
1.251220703  0.000834386
1.252746582  0.000832846
1.254272461  0.000831307
1.25579834  0.000829769
1.257324219  0.000828229
1.258850098  0.000826683
1.260375977  0.000825133
1.261901855  0.000823583
1.263427734  0.000822035
1.264953613  0.000820491
1.266479492  0.000818956
1.268005371  0.00081743
1.26953125  0.000815913
1.271057129  0.000814405
1.272583008  0.000812902
1.274108887  0.000811404
1.275634766  0.000809912
1.277160645  0.000808427
1.278686523  0.000806946
1.280212402  0.000805461
1.281738281  0.000803971
1.28326416  0.000802475
1.284790039  0.000800981
1.286315918  0.000799493
1.287841797  0.000798012
1.289367676  0.000796539
1.290893555  0.000795071
1.292419434  0.000793605
1.293945313  0.00079214
1.295471191  0.000790681
1.29699707  0.000789234
1.298522949  0.000787801
1.300048828  0.00078638
1.301574707  0.000784963
1.303100586  0.000783545
1.304626465  0.000782126
1.306152344  0.000780708
1.307678223  0.000779291
1.309204102  0.000777875
1.31072998  0.000776461
1.312255859  0.000775047
1.313781738  0.000773633
1.315307617  0.00077222
1.316833496  0.000770808
1.318359375  0.0007694
1.319885254  0.000768001
1.321411133  0.000766614
1.322937012  0.000765241
1.324462891  0.000763879
1.32598877  0.000762517
1.327514648  0.00076115
1.329040527  0.000759775
1.330566406  0.000758396
1.332092285  0.000757019
1.333618164  0.000755644
1.335144043  0.000754272
1.336669922  0.000752899
1.338195801  0.000751524
1.33972168  0.000750148
1.341247559  0.000748774
1.342773438  0.000747406
1.344299316  0.000746044
1.345825195  0.000744689
1.347351074  0.000743339
1.348876953  0.000741996
1.350402832  0.000740658
1.351928711  0.000739325
1.35345459  0.000738
1.354980469  0.00073668
1.356506348  0.000735358
1.358032227  0.000734032
1.359558105  0.000732701
1.361083984  0.000731368
1.362609863  0.000730037
1.364135742  0.000728704
1.365661621  0.000727373
1.3671875  0.000726045
1.368713379  0.000724726
1.370239258  0.000723416
1.371765137  0.000722109
1.373291016  0.000720802
1.374816895  0.000719493
1.376342773  0.000718185
1.377868652  0.00071688
1.379394531  0.000715583
1.38092041  0.000714294
1.382446289  0.00071301
1.383972168  0.00071173
1.385498047  0.000710452
1.387023926  0.000709176
1.388549805  0.000707898
1.390075684  0.000706612
1.391601563  0.000705316
1.393127441  0.000704016
1.39465332  0.000702714
1.396179199  0.000701418
1.397705078  0.000700135
1.399230957  0.000698867
1.400756836  0.00069761
1.402282715  0.000696361
1.403808594  0.000695118
1.405334473  0.000693882
1.406860352  0.000692651
1.40838623  0.000691424
1.409912109  0.000690196
1.411437988  0.000688965
1.412963867  0.000687732
1.414489746  0.0006865
1.416015625  0.000685271
1.417541504  0.000684044
1.419067383  0.000682817
1.420593262  0.000681585
1.422119141  0.000680345
1.42364502  0.000679104
1.425170898  0.000677866
1.426696777  0.000676636
1.428222656  0.000675416
1.429748535  0.000674205
1.431274414  0.000673004
1.432800293  0.000671809
1.434326172  0.000670617
1.435852051  0.000669423
1.43737793  0.000668227
1.438903809  0.000667029
1.440429688  0.000665831
1.441955566  0.000664632
1.443481445  0.000663435
1.445007324  0.00066224
1.446533203  0.000661051
1.448059082  0.000659869
1.449584961  0.000658692
1.45111084  0.000657519
1.452636719  0.000656348
1.454162598  0.000655176
1.455688477  0.000654006
1.457214355  0.00065284
1.458740234  0.000651679
1.460266113  0.000650521
1.461791992  0.000649367
1.463317871  0.000648216
1.46484375  0.00064707
1.466369629  0.000645929
1.467895508  0.00064479
1.469421387  0.000643647
1.470947266  0.0006425
1.472473145  0.000641351
1.473999023  0.000640204
1.475524902  0.000639061
1.477050781  0.000637925
1.47857666  0.000636792
1.480102539  0.00063566
1.481628418  0.000634525
1.483154297  0.000633388
1.484680176  0.000632249
1.486206055  0.000631107
1.487731934  0.000629964
1.489257813  0.000628821
1.490783691  0.000627677
1.49230957  0.000626536
1.493835449  0.000625398
1.495361328  0.000624267
1.496887207  0.000623144
1.498413086  0.000622024
1.499938965  0.000620904
1.501464844  0.000619783
1.502990723  0.000618662
1.504516602  0.000617544
1.50604248  0.000616423
1.507568359  0.000615302
1.509094238  0.000614181
1.510620117  0.000613064
1.512145996  0.000611953
1.513671875  0.00061085
1.515197754  0.000609749
1.516723633  0.000608649
1.518249512  0.000607549
1.519775391  0.00060645
1.52130127  0.000605355
1.522827148  0.000604267
1.524353027  0.000603182
1.525878906  0.000602104
1.527404785  0.000601031
1.528930664  0.000599962
1.530456543  0.000598892
1.531982422  0.000597818
1.533508301  0.000596741
1.53503418  0.000595664
1.536560059  0.000594591
1.538085938  0.000593519
1.539611816  0.000592448
1.541137695  0.000591376
1.542663574  0.000590308
1.544189453  0.000589248
1.545715332  0.000588197
1.547241211  0.000587154
1.54876709  0.000586116
1.550292969  0.00058508
1.551818848  0.000584048
1.553344727  0.000583017
1.554870605  0.000581987
1.556396484  0.000580959
1.557922363  0.000579932
1.559448242  0.000578905
1.560974121  0.000577878
1.5625  0.000576849
1.564025879  0.000575821
1.565551758  0.000574793
1.567077637  0.000573764
1.568603516  0.000572734
1.570129395  0.000571705
1.571655273  0.000570683
1.573181152  0.000569671
1.574707031  0.000568668
1.57623291  0.000567669
1.577758789  0.000566669
1.579284668  0.000565667
1.580810547  0.000564666
1.582336426  0.000563662
1.583862305  0.000562654
1.585388184  0.000561638
1.586914063  0.000560614
1.588439941  0.000559585
1.58996582  0.000558558
1.591491699  0.000557534
1.593017578  0.000556512
1.594543457  0.000555495
1.596069336  0.000554486
1.597595215  0.000553485
1.599121094  0.000552488
1.600646973  0.000551493
1.602172852  0.000550496
1.60369873  0.000549499
1.605224609  0.000548507
1.606750488  0.000547525
1.608276367  0.000546554
1.609802246  0.000545591
1.611328125  0.000544631
1.612854004  0.000543666
1.614379883  0.000542694
1.615905762  0.000541718
1.617431641  0.000540745
1.61895752  0.000539777
1.620483398  0.000538818
1.622009277  0.000537868
1.623535156  0.000536928
1.625061035  0.000535998
1.626586914  0.000535075
1.628112793  0.000534154
1.629638672  0.000533233
1.631164551  0.000532311
1.63269043  0.000531388
1.634216309  0.000530466
1.635742188  0.000529545
1.637268066  0.000528626
1.638793945  0.000527707
1.640319824  0.000526791
1.641845703  0.000525882
1.643371582  0.000524983
1.644897461  0.00052409
1.64642334  0.000523194
1.647949219  0.000522287
1.649475098  0.000521369
1.651000977  0.000520443
1.652526855  0.000519515
1.654052734  0.000518587
1.655578613  0.000517661
1.657104492  0.000516736
1.658630371  0.000515812
1.66015625  0.00051489
1.661682129  0.000513973
1.663208008  0.00051306
1.664733887  0.000512151
1.666259766  0.000511243
1.667785645  0.000510337
1.669311523  0.000509436
1.670837402  0.000508542
1.672363281  0.00050765
1.67388916  0.000506755
1.675415039  0.000505856
1.676940918  0.000504952
1.678466797  0.000504042
1.679992676  0.000503128
1.681518555  0.000502214
1.683044434  0.0005013
1.684570313  0.000500389
1.686096191  0.000499481
1.68762207  0.000498579
1.689147949  0.000497686
1.690673828  0.0004968
1.692199707  0.000495923
1.693725586  0.000495054
1.695251465  0.00049419
1.696777344  0.00049333
1.698303223  0.000492471
1.699829102  0.000491612
1.70135498  0.000490751
1.702880859  0.000489887
1.704406738  0.000489021
1.705932617  0.000488156
1.707458496  0.000487296
1.708984375  0.000486437
1.710510254  0.000485572
1.712036133  0.0004847
1.713562012  0.000483826
1.715087891  0.000482957
1.71661377  0.000482094
1.718139648  0.000481237
1.719665527  0.000480387
1.721191406  0.000479542
1.722717285  0.000478701
1.724243164  0.000477864
1.725769043  0.000477026
1.727294922  0.000476185
1.728820801  0.000475342
1.73034668  0.000474502
1.731872559  0.000473666
1.733398438  0.000472835
1.734924316  0.000472006
1.736450195  0.000471179
1.737976074  0.000470356
1.739501953  0.000469538
1.741027832  0.000468727
1.742553711  0.00046792
1.74407959  0.000467112
1.745605469  0.0004663
1.747131348  0.000465481
1.748657227  0.000464653
1.750183105  0.000463824
1.751708984  0.000463
1.753234863  0.000462186
1.754760742  0.000461379
1.756286621  0.00046057
1.7578125  0.00045976
1.759338379  0.000458945
1.760864258  0.000458131
1.762390137  0.000457318
1.763916016  0.000456507
1.765441895  0.000455697
1.766967773  0.000454888
1.768493652  0.000454086
1.770019531  0.000453288
1.77154541  0.000452492
1.773071289  0.000451693
1.774597168  0.000450889
1.776123047  0.000450081
1.777648926  0.000449271
1.779174805  0.000448463
1.780700684  0.000447657
1.782226563  0.000446853
1.783752441  0.000446058
1.78527832  0.000445274
1.786804199  0.000444501
1.788330078  0.000443734
1.789855957  0.000442968
1.791381836  0.000442199
1.792907715  0.000441426
1.794433594  0.00044065
1.795959473  0.000439872
1.797485352  0.000439097
1.79901123  0.000438326
1.800537109  0.000437559
1.802062988  0.000436796
1.803588867  0.000436038
1.805114746  0.00043528
1.806640625  0.000434523
1.808166504  0.000433767
1.809692383  0.000433011
1.811218262  0.000432252
1.812744141  0.00043149
1.81427002  0.000430727
1.815795898  0.000429967
1.817321777  0.000429213
1.818847656  0.000428465
1.820373535  0.00042772
1.821899414  0.000426976
1.823425293  0.000426231
1.824951172  0.000425479
1.826477051  0.000424722
1.82800293  0.000423963
1.829528809  0.000423204
1.831054688  0.000422449
1.832580566  0.0004217
1.834106445  0.000420956
1.835632324  0.000420215
1.837158203  0.000419476
1.838684082  0.00041874
1.840209961  0.000418007
1.84173584  0.000417276
1.843261719  0.000416543
1.844787598  0.000415807
1.846313477  0.000415068
1.847839355  0.000414325
1.849365234  0.000413579
1.850891113  0.000412834
1.852416992  0.000412096
1.853942871  0.000411367
1.85546875  0.000410644
1.856994629  0.000409921
1.858520508  0.000409196
1.860046387  0.000408467
1.861572266  0.000407738
1.863098145  0.000407009
1.864624023  0.00040628
1.866149902  0.000405551
1.867675781  0.000404819
1.86920166  0.000404086
1.870727539  0.000403358
1.872253418  0.00040264
1.873779297  0.000401933
1.875305176  0.000401231
1.876831055  0.000400534
1.878356934  0.000399841
1.879882813  0.000399148
1.881408691  0.000398453
1.88293457  0.000397757
1.884460449  0.000397062
1.885986328  0.000396371
1.887512207  0.000395685
1.889038086  0.000395002
1.890563965  0.000394323
1.892089844  0.000393643
1.893615723  0.000392961
1.895141602  0.000392272
1.89666748  0.000391577
1.898193359  0.000390877
1.899719238  0.000390177
1.901245117  0.00038948
1.902770996  0.00038879
1.904296875  0.000388109
1.905822754  0.000387431
1.907348633  0.000386756
1.908874512  0.000386084
1.910400391  0.000385414
1.91192627  0.000384743
1.913452148  0.000384072
1.914978027  0.000383399
1.916503906  0.000382726
1.918029785  0.000382053
1.919555664  0.000381381
1.921081543  0.000380713
1.922607422  0.000380053
1.924133301  0.0003794
1.92565918  0.000378751
1.927185059  0.000378101
1.928710938  0.000377449
1.930236816  0.000376795
1.931762695  0.000376139
1.933288574  0.000375479
1.934814453  0.000374818
1.936340332  0.000374161
1.937866211  0.00037351
1.93939209  0.000372868
1.940917969  0.000372232
1.942443848  0.000371599
1.943969727  0.000370966
1.945495605  0.000370331
1.947021484  0.000369697
1.948547363  0.000369064
1.950073242  0.000368433
1.951599121  0.000367798
1.953125  0.00036716
1.954650879  0.000366516
1.956176758  0.000365875
1.957702637  0.000365236
1.959228516  0.000364599
1.960754395  0.000363954
1.962280273  0.000363301
1.963806152  0.000362643
1.965332031  0.000361985
1.96685791  0.000361332
1.968383789  0.000360688
1.969909668  0.000360055
1.971435547  0.000359425
1.972961426  0.000358799
1.974487305  0.000358174
1.976013184  0.000357548
1.977539063  0.000356918
1.979064941  0.000356285
1.98059082  0.000355652
1.982116699  0.000355019
1.983642578  0.000354386
1.985168457  0.000353748
1.986694336  0.000353105
1.988220215  0.000352461
1.989746094  0.000351822
1.991271973  0.00035119
1.992797852  0.000350568
1.99432373  0.000349952
1.995849609  0.000349337
1.997375488  0.000348717
1.998901367  0.000348093
2.000427246  0.000347472
2.001953125  0.000346859
2.003479004  0.000346254
2.005004883  0.000345652
2.006530762  0.000345046
2.008056641  0.000344431
2.00958252  0.000343807
2.011108398  0.000343179
2.012634277  0.000342552
2.014160156  0.000341928
2.015686035  0.000341308
2.017211914  0.000340697
2.018737793  0.000340097
2.020263672  0.000339506
2.021789551  0.000338921
2.02331543  0.00033834
2.024841309  0.000337761
2.026367188  0.000337186
2.027893066  0.000336616
2.029418945  0.000336051
2.030944824  0.000335488
2.032470703  0.000334922
2.033996582  0.00033435
2.035522461  0.000333773
2.03704834  0.000333194
2.038574219  0.000332616
2.040100098  0.000332041
2.041625977  0.000331469
2.043151855  0.000330901
2.044677734  0.000330334
2.046203613  0.000329769
2.047729492  0.000329205
2.049255371  0.000328641
2.05078125  0.00032808
2.052307129  0.00032752
2.053833008  0.000326959
2.055358887  0.000326399
2.056884766  0.000325838
2.058410645  0.000325282
2.059936523  0.00032473
2.061462402  0.000324182
2.062988281  0.000323636
2.06451416  0.000323091
2.066040039  0.000322546
2.067565918  0.000322001
2.069091797  0.000321448
2.070617676  0.000320882
2.072143555  0.000320302
2.073669434  0.000319715
2.075195313  0.00031913
2.076721191  0.000318552
2.07824707  0.000317982
2.079772949  0.000317415
2.081298828  0.00031685
2.082824707  0.000316289
2.084350586  0.000315731
2.085876465  0.000315174
2.087402344  0.000314618
2.088928223  0.000314066
2.090454102  0.000313518
2.09197998  0.000312975
2.093505859  0.000312438
2.095031738  0.000311907
2.096557617  0.000311379
2.098083496  0.000310852
2.099609375  0.000310319
2.101135254  0.000309778
2.102661133  0.000309229
2.104187012  0.000308675
2.105712891  0.000308116
2.10723877  0.000307555
2.108764648  0.000306993
2.110290527  0.000306436
2.111816406  0.000305893
2.113342285  0.000305363
2.114868164  0.000304844
2.116394043  0.000304329
2.117919922  0.000303814
2.119445801  0.000303299
2.12097168  0.000302785
2.122497559  0.00030227
2.124023438  0.000301745
2.125549316  0.000301213
2.127075195  0.000300677
2.128601074  0.000300141
2.130126953  0.000299607
2.131652832  0.000299076
2.133178711  0.000298546
2.13470459  0.000298014
2.136230469  0.000297477
2.137756348  0.00029694
2.139282227  0.000296404
2.140808105  0.000295871
2.142333984  0.00029534
2.143859863  0.00029481
2.145385742  0.000294281
2.146911621  0.000293755
2.1484375  0.000293234
2.149963379  0.000292718
2.151489258  0.000292204
2.153015137  0.000291689
2.154541016  0.000291173
2.156066895  0.000290656
2.157592773  0.000290141
2.159118652  0.000289633
2.160644531  0.000289133
2.16217041  0.00028864
2.163696289  0.000288151
2.165222168  0.000287665
2.166748047  0.00028718
2.168273926  0.000286692
2.169799805  0.000286197
2.171325684  0.000285695
2.172851563  0.000285187
2.174377441  0.000284675
2.17590332  0.000284162
2.177429199  0.000283654
2.178955078  0.000283153
2.180480957  0.000282656
2.182006836  0.000282161
2.183532715  0.000281664
2.185058594  0.000281165
2.186584473  0.000280667
2.188110352  0.000280171
2.18963623  0.000279679
2.191162109  0.00027919
2.192687988  0.000278705
2.194213867  0.00027822
2.195739746  0.000277733
2.197265625  0.000277243
2.198791504  0.000276751
2.200317383  0.000276253
2.201843262  0.00027575
2.203369141  0.000275244
2.20489502  0.000274737
2.206420898  0.000274233
2.207946777  0.000273737
2.209472656  0.000273248
2.210998535  0.000272764
2.212524414  0.000272284
2.214050293  0.000271805
2.215576172  0.000271325
2.217102051  0.000270843
2.21862793  0.000270359
2.220153809  0.000269874
2.221679688  0.000269388
2.223205566  0.000268906
2.224731445  0.000268431
2.226257324  0.00026796
2.227783203  0.00026749
2.229309082  0.000267019
2.230834961  0.000266547
2.23236084  0.000266072
2.233886719  0.000265595
2.235412598  0.000265123
2.236938477  0.000264659
2.238464355  0.000264199
2.239990234  0.000263742
2.241516113  0.000263283
2.243041992  0.000262824
2.244567871  0.000262363
2.24609375  0.000261903
2.247619629  0.000261442
2.249145508  0.000260978
2.250671387  0.000260509
2.252197266  0.00026004
2.253723145  0.000259573
2.255249023  0.000259115
2.256774902  0.000258664
2.258300781  0.000258221
2.25982666  0.000257781
2.261352539  0.000257343
2.262878418  0.000256902
2.264404297  0.000256457
2.265930176  0.000256004
2.267456055  0.000255549
2.268981934  0.000255095
2.270507813  0.000254647
2.272033691  0.000254204
2.27355957  0.000253769
2.275085449  0.000253335
2.276611328  0.000252899
2.278137207  0.000252461
2.279663086  0.000252024
2.281188965  0.00025159
2.282714844  0.000251159
2.284240723  0.00025073
2.285766602  0.000250299
2.28729248  0.000249867
2.288818359  0.000249433
2.290344238  0.000249003
2.291870117  0.000248579
2.293395996  0.000248162
2.294921875  0.000247746
2.296447754  0.000247326
2.297973633  0.000246898
2.299499512  0.000246461
2.301025391  0.000246022
2.30255127  0.000245582
2.304077148  0.000245146
2.305603027  0.000244715
2.307128906  0.000244288
2.308654785  0.000243864
2.310180664  0.00024344
2.311706543  0.000243012
2.313232422  0.00024258
2.314758301  0.000242145
2.31628418  0.000241713
2.317810059  0.000241288
2.319335938  0.000240871
2.320861816  0.000240463
2.322387695  0.000240062
2.323913574  0.000239667
2.325439453  0.000239274
2.326965332  0.000238876
2.328491211  0.000238469
2.33001709  0.000238053
2.331542969  0.00023763
2.333068848  0.000237201
2.334594727  0.000236768
2.336120605  0.000236337
2.337646484  0.000235914
2.339172363  0.000235506
2.340698242  0.000235108
2.342224121  0.000234716
2.34375  0.000234322
2.345275879  0.000233925
2.346801758  0.000233528
2.348327637  0.000233131
2.349853516  0.000232734
2.351379395  0.000232333
2.352905273  0.00023193
2.354431152  0.000231524
2.355957031  0.000231116
2.35748291  0.000230705
2.359008789  0.000230286
2.360534668  0.000229861
2.362060547  0.000229428
2.363586426  0.000228989
2.365112305  0.000228544
2.366638184  0.000228097
2.368164063  0.000227654
2.369689941  0.000227222
2.37121582  0.0002268
2.372741699  0.000226384
2.374267578  0.00022597
2.375793457  0.000225557
2.377319336  0.000225145
2.378845215  0.000224734
2.380371094  0.000224325
2.381896973  0.00022392
2.383422852  0.000223519
2.38494873  0.000223125
2.386474609  0.000222732
2.388000488  0.000222336
2.389526367  0.000221937
2.391052246  0.000221537
2.392578125  0.000221138
2.394104004  0.000220744
2.395629883  0.000220353
2.397155762  0.000219959
2.398681641  0.000219561
2.40020752  0.000219164
2.401733398  0.000218769
2.403259277  0.000218378
2.404785156  0.000217989
2.406311035  0.000217602
2.407836914  0.00021722
2.409362793  0.000216843
2.410888672  0.000216467
2.412414551  0.000216094
2.41394043  0.000215722
2.415466309  0.000215354
2.416992188  0.000214988
2.418518066  0.00021462
2.420043945  0.000214248
2.421569824  0.000213872
2.423095703  0.000213491
2.424621582  0.000213106
2.426147461  0.00021272
2.42767334  0.000212337
2.429199219  0.000211956
2.430725098  0.000211577
2.432250977  0.000211197
2.433776855  0.000210816
2.435302734  0.000210431
2.436828613  0.000210045
2.438354492  0.000209662
2.439880371  0.000209287
2.44140625  0.000208918
2.442932129  0.000208552
2.444458008  0.000208185
2.445983887  0.000207816
2.447509766  0.000207448
2.449035645  0.000207081
2.450561523  0.000206717
2.452087402  0.000206354
2.453613281  0.00020599
2.45513916  0.000205625
2.456665039  0.00020526
2.458190918  0.000204896
2.459716797  0.000204532
2.461242676  0.000204165
2.462768555  0.000203794
2.464294434  0.000203421
2.465820313  0.000203046
2.467346191  0.000202672
2.46887207  0.000202299
2.470397949  0.000201927
2.471923828  0.000201559
2.473449707  0.0002012
2.474975586  0.000200848
2.476501465  0.000200504
2.478027344  0.000200166
2.479553223  0.000199833
2.481079102  0.000199501
2.48260498  0.00019917
2.484130859  0.000198835
2.485656738  0.000198498
2.487182617  0.000198158
2.488708496  0.000197814
2.490234375  0.000197466
2.491760254  0.000197117
2.493286133  0.000196768
2.494812012  0.000196419
2.496337891  0.000196071
2.49786377  0.000195722
2.499389648  0.000195375
ыHorizon_Medium_v2.5
NumberOfLayers = 1
|     Name      |   Thickness   |   Resistance  |
|1              |100            |1              |
Loop type: square
Transmitter side = 50
Receiver side = 24.56
TransmitterX = 0
TransmitterY = 0
TransmitterZ = 0
NumberOfReceivers = 1
X = 0 
Y = 0 
Z = 0 
Current = 1
Transmitter turns = 1
Receiver turns = 1
FixedOffset = 0
TransmitterAngle = 0

